data,ultima_atualizacao,municipio,codigoIBGE,mesorregiao,microrregiao,semanaEpidemiologica,populacao,confirmadosPorDia,confirmadosAcumulados,obitosPorDia,ObitosAcumulados,letalidade,confirmadosPor100MilHabitantes,obitosPor100MilHabitantes,recuperadosPorDia,recuperadosAcumulados,suspeitosPorDia,suspeitosAcumulados,descartadosPorDia,descartadosAcumulados,testesPorDia,testesAcumulados,pessoasTratamentoPorDia,pessoasTratamentoAcumuladas,internacoesPorDia,internacoesAcumuladas,pessoasIsolamentoPorDia,pessoasIsolamentoAcumuladas,utiDisponiveis,utiOcupadas,utiTotal,enfermariaDisponiveis,enfermariaOcupadas,enfermariaTotal,leitosDisponiveisTotal,leitosOcupadosTotal,leitosTotal
2020-03-27,False,Campina Grande,2504009,Agreste,Campina Grande,13,385213,1,1,0,0,0,0.259596639,0,0,0,0,0,0,0,1,1,0,0,0,0,0,0,0,0,0,0,0,0,0,0,0
2020-03-28,False,Campina Grande,2504009,Agreste,Campina Grande,13,385213,1,2,0,0,0,0.519193277,0,0,0,0,0,0,0,1,2,0,0,0,0,0,0,0,0,0,0,0,0,0,0,0
2020-04-10,False,Campina Grande,2504009,Agreste,Campina Grande,15,385213,1,3,0,0,0,0.778789916,0,3,3,47,47,118,118,119,121,0,0,0,0,0,0,0,0,0,0,0,0,0,0,0
2020-04-18,False,Campina Grande,2504009,Agreste,Campina Grande,16,385213,9,12,0,0,0,3.115159665,0,3,6,-13,34,44,162,53,174,0,0,0,0,0,0,0,0,0,0,0,0,0,0,0
2020-04-23,False,Campina Grande,2504009,Agreste,Campina Grande,17,385213,18,30,1,1,0.033333333,7.787899162,0.259596639,0,6,45,79,40,202,58,232,0,0,0,0,0,0,0,0,0,0,0,0,0,0,0
2020-04-28,False,Campina Grande,2504009,Agreste,Campina Grande,18,385213,15,45,0,1,0.022222222,11.68184874,0.259596639,5,11,12,91,74,276,89,321,0,0,0,0,0,0,0,0,0,0,0,0,0,0,0
2020-05-13,False,Campina Grande,2504009,Agreste,Campina Grande,20,385213,110,155,4,5,0.032258065,40.23747901,1.297983194,23,34,162,253,215,491,325,646,0,0,0,0,0,0,0,0,0,0,0,0,0,0,0
2020-05-19,False,Campina Grande,2504009,Agreste,Campina Grande,21,385213,171,326,7,12,0.036809816,84.62850423,3.115159665,41,75,96,349,29,520,200,846,0,0,0,0,0,0,0,0,0,0,0,0,0,0,0
2020-05-20,False,Campina Grande,2504009,Agreste,Campina Grande,21,385213,9,335,0,12,0.035820896,86.96487398,3.115159665,1,76,23,372,9,529,18,864,0,0,0,0,0,0,0,0,0,0,0,0,0,0,0
2020-05-21,False,Campina Grande,2504009,Agreste,Campina Grande,21,385213,86,421,0,12,0.028503563,109.2901849,3.115159665,0,76,10,382,1,530,87,951,0,0,0,0,0,0,0,0,0,0,0,0,0,0,0
2020-05-22,False,Campina Grande,2504009,Agreste,Campina Grande,21,385213,169,590,2,14,0.023728814,153.1620169,3.634352942,13,89,30,412,0,530,169,1120,0,0,0,0,0,0,0,0,0,0,0,0,0,0,0
2020-05-23,False,Campina Grande,2504009,Agreste,Campina Grande,21,385213,123,713,1,15,0.021037868,185.0924034,3.893949581,0,89,-87,325,3,533,126,1246,0,0,0,0,0,0,0,0,0,0,0,0,0,0,0
2020-05-25,False,Campina Grande,2504009,Agreste,Campina Grande,22,385213,157,870,4,19,0.02183908,225.8490757,4.932336136,53,142,123,448,6,539,163,1409,0,0,0,0,0,0,0,0,0,0,0,0,0,0,0
2020-05-26,False,Campina Grande,2504009,Agreste,Campina Grande,22,385213,66,936,3,22,0.023504274,242.9824539,5.711126052,0,142,40,488,151,690,217,1626,0,0,0,0,0,0,0,0,0,0,0,0,0,0,0
2020-05-27,False,Campina Grande,2504009,Agreste,Campina Grande,22,385213,89,1025,3,25,0.024390244,266.0865547,6.489915969,217,359,401,889,856,1546,945,2571,0,0,0,0,0,0,0,0,0,0,0,0,0,0,0
2020-05-28,False,Campina Grande,2504009,Agreste,Campina Grande,22,385213,155,1180,3,28,0.023728814,306.3240337,7.268705885,214,573,-1,888,10,1556,165,2736,0,0,0,0,0,0,0,0,0,0,0,0,0,0,0
2020-05-29,False,Campina Grande,2504009,Agreste,Campina Grande,22,385213,108,1288,1,29,0.022515528,334.3604707,7.528302524,54,627,-3,885,27,1583,135,2871,0,0,0,0,0,0,0,0,0,0,0,0,0,0,0
2020-05-30,False,Campina Grande,2504009,Agreste,Campina Grande,22,385213,195,1483,0,29,0.019554956,384.9818153,7.528302524,341,968,793,1678,576,2159,771,3642,0,0,0,0,0,0,0,0,0,0,0,0,0,0,0
2020-05-31,False,Campina Grande,2504009,Agreste,Campina Grande,23,385213,36,1519,0,29,0.019091508,394.3272943,7.528302524,130,1098,3,1681,8,2167,44,3686,0,0,0,0,0,0,0,0,0,0,0,0,0,0,0
2020-06-01,False,Campina Grande,2504009,Agreste,Campina Grande,23,385213,59,1578,3,32,0.020278834,409.6434959,8.30709244,244,1342,-81,1600,9,2176,68,3754,0,0,0,0,0,0,0,0,0,0,0,0,0,0,0
2020-06-02,False,Campina Grande,2504009,Agreste,Campina Grande,23,385213,101,1679,2,34,0.020250149,435.8627564,8.826285717,54,1396,-173,1427,113,2289,214,3968,0,0,0,0,0,0,0,0,0,0,0,0,0,0,0
2020-06-03,False,Campina Grande,2504009,Agreste,Campina Grande,23,385213,130,1809,1,35,0.019347706,469.6103195,9.085882356,70,1466,-219,1208,190,2479,320,4288,0,0,0,0,0,0,39,69,108,140,101,241,179,170,349
2020-06-04,False,Campina Grande,2504009,Agreste,Campina Grande,23,385213,197,2006,1,36,0.017946162,520.7508573,9.345478995,53,1519,-171,1037,-169,2310,28,4316,0,0,0,0,0,0,53,57,110,131,111,242,184,168,352
2020-06-05,False,Campina Grande,2504009,Agreste,Campina Grande,23,385213,165,2171,6,42,0.019345924,563.5843027,10.90305883,223,1742,41,1078,265,2575,685,5001,0,0,0,0,0,0,53,57,110,123,118,241,176,175,351
2020-06-06,False,Campina Grande,2504009,Agreste,Campina Grande,23,385213,151,2322,6,48,0.020671835,602.7833952,12.46063866,25,1767,27,1105,27,2602,193,5194,0,0,0,0,0,0,44,71,115,98,124,222,142,195,337
2020-06-07,False,Campina Grande,2504009,Agreste,Campina Grande,24,385213,151,2473,8,56,0.022644561,641.9824876,14.53741177,113,1880,-9,1096,73,2675,316,5510,0,0,0,0,0,0,45,70,115,88,132,220,133,202,335
2020-06-08,False,Campina Grande,2504009,Agreste,Campina Grande,24,385213,177,2650,3,59,0.022264151,687.9310927,15.31620169,296,2176,47,1143,0,2675,227,5737,0,0,0,0,0,0,43,73,116,110,129,239,153,202,355
2020-06-09,False,Campina Grande,2504009,Agreste,Campina Grande,24,385213,317,2967,3,62,0.020896528,770.2232271,16.0949916,33,2209,80,1223,388,3063,286,6023,0,0,0,0,0,0,48,66,114,107,130,237,155,196,351
2020-06-10,False,Campina Grande,2504009,Agreste,Campina Grande,24,385213,254,3221,3,65,0.020180068,836.1607734,16.87378152,216,2425,57,1280,397,3460,311,6334,0,0,0,0,0,0,42,74,116,113,127,240,155,201,356
2020-06-11,False,Campina Grande,2504009,Agreste,Campina Grande,24,385213,283,3504,1,66,0.018835616,909.6266222,17.13337816,246,2671,38,1318,290,3750,300,6634,0,0,0,0,0,0,47,67,114,111,130,241,158,197,355
2020-06-12,False,Campina Grande,2504009,Agreste,Campina Grande,24,385213,416,3920,1,67,0.017091837,1017.618824,17.3929748,198,2869,25,1343,471,4221,270,6904,0,0,0,0,0,0,49,67,116,109,133,242,158,200,358
2020-06-13,False,Campina Grande,2504009,Agreste,Campina Grande,24,385213,169,4089,1,68,0.016629983,1061.490656,17.65257143,85,2954,-20,1323,60,4281,197,7101,0,0,0,0,0,0,47,67,114,123,118,241,170,185,355
2020-06-14,False,Campina Grande,2504009,Agreste,Campina Grande,25,385213,77,4166,1,69,0.01656265,1081.479597,17.91216807,30,2984,-93,1230,30,4311,68,7169,0,0,0,0,0,0,50,69,119,112,126,238,162,195,357
2020-06-15,False,Campina Grande,2504009,Agreste,Campina Grande,25,385213,131,4297,1,70,0.016290435,1115.486757,18.17176471,82,3066,216,1446,466,4777,400,7569,0,0,0,0,0,0,51,70,121,128,113,241,179,183,362
2020-06-16,False,Campina Grande,2504009,Agreste,Campina Grande,25,385213,215,4512,1,71,0.015735816,1171.300034,18.43136135,380,3446,-4,1442,316,5093,463,8032,0,0,0,0,0,0,46,75,121,134,105,239,180,180,360
2020-06-17,False,Campina Grande,2504009,Agreste,Campina Grande,25,385213,271,4783,1,72,0.015053314,1241.650723,18.69095799,102,3548,35,1477,461,5554,403,8435,0,0,0,0,0,0,58,70,128,153,106,259,211,176,387
2020-06-18,False,Campina Grande,2504009,Agreste,Campina Grande,25,385213,122,4905,0,72,0.014678899,1273.321513,18.69095799,72,3620,1,1478,230,5784,393,8828,0,0,0,0,0,0,54,74,128,157,100,257,211,174,385
2020-06-19,False,Campina Grande,2504009,Agreste,Campina Grande,25,385213,349,5254,1,73,0.013894176,1363.92074,18.95055463,47,3667,-26,1452,96,5880,346,9174,0,0,0,0,0,0,54,74,128,159,101,260,213,175,388
2020-06-20,False,Campina Grande,2504009,Agreste,Campina Grande,25,385213,247,5501,0,73,0.013270314,1428.04111,18.95055463,781,4448,32,1484,605,6485,1566,10740,0,0,0,0,0,0,51,76,127,160,98,258,211,174,385
2020-06-21,False,Campina Grande,2504009,Agreste,Campina Grande,26,385213,56,5557,2,75,0.013496491,1442.578521,19.46974791,14,4462,11,1495,99,6584,183,10923,0,0,0,0,0,0,57,72,129,163,95,258,220,167,387
2020-06-22,False,Campina Grande,2504009,Agreste,Campina Grande,26,385213,70,5627,0,75,0.013328594,1460.750286,19.46974791,30,4492,59,1554,342,6926,235,11158,0,0,0,0,0,0,59,69,128,159,101,260,218,170,388
2020-06-23,False,Campina Grande,2504009,Agreste,Campina Grande,26,385213,72,5699,1,76,0.013335673,1479.441244,19.72934454,15,4507,3,1557,310,7236,258,11416,0,0,0,0,0,0,56,71,127,164,96,260,220,167,387
2020-06-24,False,Campina Grande,2504009,Agreste,Campina Grande,26,385213,116,5815,9,85,0.014617369,1509.554454,22.06571429,18,4525,28,1585,299,7535,191,11607,0,0,0,0,0,0,50,78,128,166,93,259,216,171,387
2020-06-25,False,Campina Grande,2504009,Agreste,Campina Grande,26,385213,-635,5180,4,89,0.017181467,1344.710589,23.10410085,12,4537,69,1654,387,7922,1378,12985,0,0,0,0,0,0,44,85,129,172,88,260,216,173,389
2020-06-26,False,Campina Grande,2504009,Agreste,Campina Grande,26,385213,129,5309,2,91,0.017140704,1378.198555,23.62329413,15,4552,-9,1645,-242,7680,61,13046,0,0,0,0,0,0,48,81,129,160,98,258,208,179,387
2020-06-27,False,Campina Grande,2504009,Agreste,Campina Grande,26,385213,28,5337,3,94,0.017612891,1385.467261,24.40208404,173,4725,58,1703,672,8352,486,13532,0,0,0,0,0,0,50,78,128,162,99,261,212,177,389
2020-06-28,False,Campina Grande,2504009,Agreste,Campina Grande,27,385213,42,5379,4,98,0.018219,1396.37032,25.4404706,22,4747,13,1716,102,8454,104,13636,0,0,0,0,0,0,52,78,130,166,93,259,218,171,389
2020-06-29,False,Campina Grande,2504009,Agreste,Campina Grande,27,385213,124,5503,5,103,0.018717063,1428.560303,26.73845379,233,4980,76,1792,269,8723,241,13877,0,0,0,0,0,0,55,76,131,159,101,260,214,177,391
2020-06-30,False,Campina Grande,2504009,Agreste,Campina Grande,27,385213,49,5552,12,115,0.020713256,1441.280538,29.85361346,0,4980,0,1792,7,8730,234,14111,0,0,0,0,0,0,55,76,131,162,99,261,217,175,392
2020-07-01,False,Campina Grande,2504009,Agreste,Campina Grande,27,385213,56,5608,2,117,0.020863053,1455.81795,30.37280673,22,5002,6,1798,156,8886,289,14400,0,0,0,0,0,0,54,74,128,156,104,260,210,178,388
2020-07-02,False,Campina Grande,2504009,Agreste,Campina Grande,27,385213,77,5685,0,117,0.020580475,1475.806891,30.37280673,171,5173,-291,1507,702,9588,383,14783,0,0,0,0,0,0,48,81,129,162,99,261,210,180,390
2020-07-03,False,Campina Grande,2504009,Agreste,Campina Grande,27,385213,177,5862,7,124,0.02115319,1521.755496,32.1899832,225,5398,-14,1493,137,9725,291,15074,0,0,0,0,0,0,55,73,128,150,108,258,205,181,386
2020-07-04,False,Campina Grande,2504009,Agreste,Campina Grande,27,385213,372,6234,3,127,0.020372153,1618.325446,32.96877312,374,5772,34,1527,158,9883,214,15288,0,0,0,0,0,0,53,76,129,156,104,260,209,180,389
2020-07-05,False,Campina Grande,2504009,Agreste,Campina Grande,28,385213,268,6502,8,135,0.020762842,1687.897345,35.04554623,166,5938,2,1529,73,9956,84,15372,0,0,0,0,0,0,50,78,128,190,111,301,240,189,429
2020-07-06,False,Campina Grande,2504009,Agreste,Campina Grande,28,385213,384,6886,1,136,0.019750218,1787.582454,35.30514287,482,6420,22,1551,300,10256,212,15584,300,300,180,180,150,150,63,65,128,186,104,290,249,169,418
2020-07-07,False,Campina Grande,2504009,Agreste,Campina Grande,28,385213,244,7130,5,141,0.019775596,1850.924034,36.60312606,126,6546,39,1590,659,10915,406,15990,143,443,6,186,107,257,57,72,129,178,109,287,235,181,416
2020-07-08,False,Campina Grande,2504009,Agreste,Campina Grande,28,385213,171,7301,6,147,0.020134228,1895.315059,38.1607059,734,7280,52,1642,266,11181,430,16420,16,459,-2,184,18,275,64,64,128,173,115,288,237,179,416
2020-07-09,False,Campina Grande,2504009,Agreste,Campina Grande,28,385213,187,7488,2,149,0.019898504,1943.859631,38.67989917,208,7488,-420,1222,468,11649,418,16838,27,486,0,184,27,302,63,65,128,174,116,290,237,181,418
2020-07-10,False,Campina Grande,2504009,Agreste,Campina Grande,28,385213,-458,7030,3,152,0.021621622,1824.96437,39.45868909,-458,7030,-17,1205,227,11876,364,17202,-39,447,1,185,-40,262,65,65,130,171,119,290,236,184,420
2020-07-11,False,Campina Grande,2504009,Agreste,Campina Grande,28,385213,664,7694,2,154,0.020015597,1997.336538,39.97788237,36,7066,-13,1192,132,12008,233,17435,27,474,-6,179,33,295,66,63,129,176,112,288,242,175,417
2020-07-12,False,Campina Grande,2504009,Agreste,Campina Grande,29,385213,48,7742,7,161,0.02079566,2009.797177,41.79505884,35,7101,-20,1172,121,12129,180,17615,6,480,-6,173,12,307,69,61,130,179,158,337,248,219,467
2020-07-13,False,Campina Grande,2504009,Agreste,Campina Grande,29,385213,52,7794,3,164,0.021041827,2023.296202,42.57384875,179,7280,-90,1082,6,12135,230,17845,-130,350,-5,168,-125,182,71,58,129,182,106,288,253,164,417
2020-07-14,False,Campina Grande,2504009,Agreste,Campina Grande,29,385213,97,7891,10,174,0.022050437,2048.477076,45.16981514,18,7298,13,1095,211,12346,470,18315,69,419,9,177,60,242,64,64,128,180,110,290,244,174,418
2020-07-15,False,Campina Grande,2504009,Agreste,Campina Grande,29,385213,155,8046,10,184,0.022868506,2088.714555,47.76578153,47,7345,2,1097,53,12399,320,18635,98,517,-11,166,109,351,69,61,130,186,104,290,255,165,420
2020-07-16,False,Campina Grande,2504009,Agreste,Campina Grande,29,385213,163,8209,9,193,0.023510781,2131.028807,50.10215128,122,7467,18,1115,121,12520,251,18886,32,549,17,183,15,366,65,65,130,173,115,288,238,180,418
2020-07-17,False,Campina Grande,2504009,Agreste,Campina Grande,29,385213,160,8369,6,199,0.023778229,2172.56427,51.65973111,195,7662,25,1140,158,12678,289,19175,-41,508,0,183,-41,325,65,65,130,173,115,288,238,180,418
2020-07-18,False,Campina Grande,2504009,Agreste,Campina Grande,29,385213,150,8519,2,201,0.023594319,2211.503765,52.17892439,108,7770,5,1145,109,12787,130,19305,40,548,-3,180,43,368,66,60,126,175,116,291,241,176,417
2020-07-20,False,Campina Grande,2504009,Agreste,Campina Grande,30,385213,120,8639,3,204,0.023613844,2242.655362,52.9577143,238,8008,105,1250,675,13462,481,19786,-121,427,-22,158,-99,269,79,50,129,184,103,287,263,153,416
2020-07-21,False,Campina Grande,2504009,Agreste,Campina Grande,30,385213,39,8678,3,207,0.023853422,2252.779631,53.73650422,17,8025,27,1277,235,13697,160,19946,19,446,8,166,11,280,71,58,129,184,103,287,255,161,416
2020-07-22,False,Campina Grande,2504009,Agreste,Campina Grande,30,385213,62,8740,3,210,0.02402746,2268.874623,54.51529414,13,8038,4,1281,618,14315,286,20232,46,492,8,174,38,318,74,55,129,173,115,288,247,170,417
2020-07-23,False,Campina Grande,2504009,Agreste,Campina Grande,30,385213,72,8812,3,213,0.024171584,2287.565581,55.29408405,209,8247,-970,311,137,14452,235,20467,-97,395,-4,170,-38,280,74,55,129,177,113,290,251,168,419
2020-07-27,False,Campina Grande,2504009,Agreste,Campina Grande,31,385213,177,8989,10,223,0.024808099,2333.514186,57.89005044,292,8539,51,362,741,15193,1204,21671,-168,227,-9,161,,,65,65,130,209,81,290,274,146,420
2020-07-28,False,Campina Grande,2504009,Agreste,Campina Grande,31,385213,456,9445,1,224,0.023716252,2451.890253,58.14964708,548,9087,0,362,282,15475,500,22171,-93,134,-17,144,,,68,62,130,209,82,291,277,144,421
2020-07-29,False,Campina Grande,2504009,Agreste,Campina Grande,31,385213,266,9711,0,224,0.023066625,2520.942959,58.14964708,3,9090,71,433,318,15793,473,22644,263,397,-2,142,,,71,58,129,208,81,289,279,139,418
2020-07-30,False,Campina Grande,2504009,Agreste,Campina Grande,31,385213,64,9775,3,227,0.023222506,2537.557144,58.92843699,59,9149,0,433,-37,15756,470,23114,2,399,-8,134,,,76,54,130,211,80,291,287,134,421
2020-07-31,True,Campina Grande,2504009,Agreste,Campina Grande,31,385213,208,9983,2,229,0.022938996,2591.553245,59.44763027,337,9486,0,433,159,15915,450,23564,-131,268,2,136,,,75,55,130,210,81,291,285,136,421
