data,confirmadosPorDia,confirmadosAcumulados,mortesPorDia,mortesAcumuladas,descartadosPorDia,descartadosAcumulados,suspeitosInternados,notificacoesSuspeitos,recuperadosPorDia,recuperadosAcumulados,testesPorDia,testesAcumulados
2020-03-18,1,1,0,0,16,16,0,80,0,0,17,17
2020-03-19,0,1,0,0,0,16,0,80,0,0,0,17
2020-03-20,0,1,0,0,0,16,0,80,0,0,0,17
2020-03-21,0,1,0,0,0,16,0,80,0,0,0,17
2020-03-22,0,1,0,0,24,40,20,187,0,0,24,41
2020-03-23,1,2,0,0,37,61,25,227,0,0,38,79
2020-03-24,1,3,0,0,39,100,22,173,0,0,40,119
2020-03-25,2,5,0,0,17,117,31,173,0,0,19,138
2020-03-26,1,6,0,0,110,227,33,173,0,0,111,249
2020-03-27,4,10,0,0,76,303,49,173,0,0,80,329
2020-03-28,4,14,0,0,45,348,49,173,0,0,49,378
2020-03-29,0,14,0,0,0,348,49,173,0,0,0,378
2020-03-30,3,17,0,0,19,367,90,173,0,0,22,400
2020-03-31,1,18,1,1,20,387,109,173,3,3,21,421
2020-04-01,3,21,0,1,37,424,115,173,0,3,40,461
2020-04-02,8,29,0,1,21,445,105,173,0,3,29,490
2020-04-03,3,32,0,1,60,505,106,649,0,3,63,553
2020-04-04,2,34,2,3,18,523,112,660,6,9,20,573
2020-04-05,1,35,1,4,40,563,138,660,0,9,41,614
2020-04-06,1,36,0,4,45,608,137,708,2,11,46,660
2020-04-07,5,41,0,4,41,649,132,1091,0,11,46,706
2020-04-08,14,55,3,7,44,693,135,1121,3,14,58,764
2020-04-09,24,79,4,11,73,770,106,1121,8,22,97,861
2020-04-10,6,85,0,11,0,770,112,1121,8,30,6,867
2020-04-11,16,101,2,13,62,832,120,1121,13,43,78,945
2020-04-12,10,111,0,13,0,832,72,1121,0,43,10,955
2020-04-13,25,136,3,16,46,878,100,1121,9,52,71,1026
2020-04-14,16,152,5,21,10,888,85,1121,0,52,26,1052
2020-04-15,13,165,3,24,32,920,81,1121,28,80,45,1097
2020-04-16,30,195,2,26,59,979,135,1121,0,80,89,1186
2020-04-17,10,205,2,28,0,979,146,1121,10,90,10,1196
2020-04-18,31,236,1,29,55,1034,148,1121,0,90,86,1282
2020-04-19,9,245,3,32,19,1053,163,1121,9,99,28,1254
2020-04-20,18,263,1,33,45,1098,148,1121,17,116,63,1317
2020-04-21,38,301,6,39,63,1161,144,2244,0,116,101,1418
2020-04-22,44,345,1,40,56,1217,148,2244,0,116,97,1515
2020-04-23,41,386,4,44,57,1274,153,2244,0,116,98,1613
2020-04-24,61,447,2,46,77,1351,141,2244,1,117,138,1751
2020-04-25,52,499,3,49,41,1392,132,2244,0,117,93,1844
2020-04-26,44,543,1,50,29,1421,157,2244,2,119,143,1987
2020-04-27,90,633,3,53,61,1482,157,2244,0,119,151,2138
2020-04-28,66,699,4,57,49,1531,162,3945,30,149,115,2253
2020-04-29,115,814,5,62,85,1616,162,3945,3,152,200,2453
2020-04-30,112,926,5,67,79,1695,162,3945,4,156,191,2644
2020-05-01,108,1034,7,74,136,1831,162,3945,21,177,244,2888
2020-05-02,135,1169,2,76,71,1902,162,3945,0,177,206,3094
2020-05-03,50,1219,3,79,55,1957,162,3945,50,227,105,3199
2020-05-04,142,1361,6,85,57,2014,162,3945,0,227,199,3398
2020-05-05,132,1493,7,92,144,2158,210,10121,83,310,276,3674
2020-05-06,164,1657,9,101,89,2247,210,10121,10,320,253,3927
2020-05-07,192,1849,10,111,109,2356,210,10121,170,490,301,4228
2020-05-08,181,2030,3,114,58,2414,210,10121,0,490,239,4467
2020-05-09,126,2156,10,124,76,2490,210,10121,0,490,202,4669
2020-05-10,185,2341,11,135,36,2526,210,10121,47,537,221,4890
2020-05-11,184,2525,4,139,259,2785,210,10121,0,537,443,5333
2020-05-12,252,2777,15,154,352,3137,210,10121,64,601,604,5937
2020-05-13,268,3045,3,157,537,3674,210,10121,29,630,805,6742
2020-05-14,316,3361,3,160,559,4233,210,10121,101,731,875,7617
2020-05-15,378,3739,10,170,247,4480,210,10121,338,1069,625,8242
2020-05-16,324,4063,13,183,259,4739,210,10121,18,1087,583,8825
2020-05-17,284,4347,11,194,267,5006,210,10121,84,1171,551,9376
2020-05-18,439,4786,13,207,350,5356,210,10121,291,1462,789,10165
2020-05-19,514,5300,12,219,313,5669,210,10121,285,1747,827,10992
2020-05-20,538,5838,11,230,476,6145,210,10121,100,1847,1014,12006
2020-05-21,400,6238,15,245,100,6245,210,10121,150,1997,500,12506
2020-05-22,644,6882,3,248,384,6529,210,10121,6,2003,1028,13534
2020-05-23,626,7508,10,258,429,6958,210,10121,200,2203,1055,14589
2020-05-24,315,7823,14,272,220,7178,210,10121,5,2208,535,15124
2020-05-25,193,8016,7,279,106,7284,210,10121,10,2218,299,15423
2020-05-26,903,8919,7,286,561,7845,210,10121,7,2225,1464,16887
2020-05-27,1290,10209,12,298,150,7995,210,10121,7,2232,1440,18327
2020-05-28,923,11132,20,318,500,8495,210,10121,198,2430,1423,19750
2020-05-29,879,12011,9,327,1000,9495,210,10121,5,2435,1879,21629
2020-05-30,851,12862,19,346,1029,10524,210,10121,37,2472,1880,23509
2020-05-31,300,13162,14,360,451,10975,210,10121,20,2492,751,24260
2020-06-01,533,13695,10,370,1093,12068,210,10121,145,2637,1626,25886
2020-06-02,1164,14859,09,379,1202,13270,210,10121,283,2920,2366,28252
2020-06-03,1159,16018,35,414,2773,16043,210,10121,255,3175,3932,32184
2020-06-04,1561,17579,24,438,1473,17516,210,10121,458,3633,24612,56796
2020-06-05,1000,18579,13,451,1214,18730,210,10121,312,3945,3226,60022
2020-06-06,1208,19787,16,467,1603,20333,210,10121,243,4188,3139,63161
2020-06-07,523,20310,17,484,8,20341,210,10121,48,4236,1414,64575
2020-06-08,641,20951,23,507,199,20540,210,10121,104,4340,1099,65674
2020-06-09,1501,22452,27,534,110,20650,210,10121,331,4671,0,65674
2020-06-10,1580,24032,25,559,735,21385,210,10121,419,5090,4426,70100
2020-06-11,1338,25370,11,570,979,22364,210,10121,530,5620,3676,73776
2020-06-12,1186,26556,40,610,825,23189,210,10121,709,6329,6625,80401
2020-06-13,898,27454,13,623,726,23915,210,10121,148,6477,2597,82998
2020-06-14,559,28013,10,633,107,24022,210,10121,212,6689,0,82998
2020-06-15,665,28668,23,656,380,24402,210,10121,201,6890,886,83884
2020-06-16,1460,30128,15,671,1393,25795,210,10121,610,7500,1833,85717
2020-06-17,1584,31712,25,696,1552,27347,210,10121,472,7972,5554,91271
2020-06-18,1622,33382,13,709,0,27347,210,10121,6,7978,0,91271
2020-06-19,1711,35093,15,724,2736,30083,210,10121,1388,9366,8322,99593
2020-06-20,1428,36521,19,743,1759,31842,210,10121,590,9956,4897,104490
2020-06-21,263,36784,23,766,186,32028,210,10121,257,10213,640,105130
2020-06-22,469,37253,18,784,534,32562,210,10121,122,10335,1520,106650
2020-06-23,1746,38999,23,807,1578,34140,210,10121,952,11287,5719,112369
2020-06-24,913,39912,21,828,784,34924,210,10121,400,11687,2998,115367
2020-06-25,912,40824,14,842,626,35550,210,10121,426,12113,5414,120781